left:
rectification_matrix:
  rows: 3
  cols: 3
  data: [-64.2879797459109, -28.7091978707612, -0.161145579448836,
         0.0898734294994716, 1.04118570885365, 0.000230891054964424,
         26421.3310546555, 11578.0802811687, 66.2114773924683]
         
projection_matrix:
  rows: 3
  cols: 4
  data: [12693.6031488132,     0.     ,   0,     0.     ,
             0.     , 12693.6031488132,   0,     0.     ,
             405.099767986906     ,     217.981049002417     ,     1.     ,     0.     ]
             
projection_matrix:
  rows: 3
  cols: 4
  data: [12787.7246280305,     0.     ,   	0,    		178.194129725781     ,
             0.     , 		0,   		0,     	1     ,
             0.     ,     12803.2058253347, 405.099767986906,     0.     ]
             
projection_matrix:
  rows: 3
  cols: 4
  data: [12693.6031488132,     0.     ,   405.099767986906,     0.     ,
             0.     , 12693.6031488132,   217.981049002417,     0.     ,
             0     ,     0     ,     1.     ,     0.     ]

right: 
rectification_matrix:
  rows: 3
  cols: 3
  data: [44.820391469873634, 24.219180994365290, 0.093951499410989,
         0.111109961356604, 1.063337421094100, 0.000245977451938242,
         -17715.1027647191, -9785.51396912979, -37.114537784208470]
         
projection_matrix:
  rows: 3
  cols: 4
  data: [12693.6031488132,     0.     ,   0 ,     117.859855041115     ,
             0.     , 12693.6031488132,   0,     0.190191752275434     ,
             405.099767986906     ,     217.981049002417     ,     1.     ,     0.     ]
             
projection_matrix:
  rows: 3
  cols: 4
  data: [12693.6031488132,     0     ,   405.099767986906 ,     0     ,
             0.     , 12693.6031488132,   217.981049002417,     0.190191752275434     ,
             0     ,     0     ,     1.     ,     0.     ]
             
projection_matrix:
  rows: 3
  cols: 4
  data: [12693.7963036604,  0.     ,   	0 ,     		258.176853693568     ,
             0.     , 	     0,   		0,     		1     ,
             0.     ,  12691.6658971382     , 466.287451775754 ,     0.     ]
